STN,date,   ave_temp,   min_temp,   max_temp
  260,19620101,    5,  -30,   26
  260,19620102,  -19,  -62,   28
  260,19620103,  -25,  -62,    4
  260,19620104,    0,  -12,   14
  260,19620105,   -8,  -20,   20
  260,19620106,   24,    1,   52
  260,19620107,   30,   -6,   57
  260,19620108,   38,    4,   61
  260,19620109,   44,   24,   66
  260,19620110,   55,   34,   68
  260,19620111,   81,   51,  103
  260,19620112,   52,   31,   85
  260,19620113,   38,   17,   54
  260,19620114,   39,   23,   55
  260,19620115,   23,    6,   52
  260,19620116,   51,   34,   62
  260,19620117,   70,   51,   95
  260,19620118,   61,   27,   87
  260,19620119,   54,   34,   81
  260,19620120,   66,   22,   92
  260,19620121,   98,   88,  110
  260,19620122,   64,   35,   89
  260,19620123,   51,   39,   68
  260,19620124,   80,   36,  107
  260,19620125,   76,   63,   88
  260,19620126,   67,   28,   96
  260,19620127,   37,   16,   78
  260,19620128,   29,  -19,   72
  260,19620129,  -28,  -64,   10
  260,19620130,  -53,  -83,  -12
  260,19620131,  -26,  -68,    4
  260,19620201,    5,  -24,   56
  260,19620202,   16,  -10,   57
  260,19620203,   15,  -29,   35
  260,19620204,   39,    9,   67
  260,19620205,   62,   29,   90
  260,19620206,   58,   22,   88
  260,19620207,   74,   52,   85
  260,19620208,   40,    0,   68
  260,19620209,   24,  -15,   65
  260,19620210,   41,   25,   66
  260,19620211,   42,    5,   67
  260,19620212,   75,   42,  101
  260,19620213,   26,    3,   57
  260,19620214,   17,   -9,   56
  260,19620215,   20,  -17,   66
  260,19620216,   73,   49,   93
  260,19620217,   44,   26,   67
  260,19620218,   47,   15,   68
  260,19620219,   60,   50,   71
  260,19620220,   63,   33,  100
  260,19620221,   44,   -5,   83
  260,19620222,   -3,  -22,   29
  260,19620223,  -11,  -28,   10
  260,19620224,   -9,  -52,   33
  260,19620225,  -29,  -53,    0
  260,19620226,  -30,  -54,   -7
  260,19620227,  -14,  -31,    7
  260,19620228,   -4,  -20,    9
  260,19620301,   -1,  -10,   13
  260,19620302,   -4,  -37,   26
  260,19620303,   -5,  -38,   16
  260,19620304,   -7,  -54,   38
  260,19620305,    0,  -13,   13
  260,19620306,   -2,  -46,   48
  260,19620307,   -6,  -60,   47
  260,19620308,   23,  -18,   68
  260,19620309,   42,   10,   92
  260,19620310,   63,   34,   86
  260,19620311,   41,   12,   59
  260,19620312,    5,  -32,   44
  260,19620313,  -18,  -37,    8
  260,19620314,  -15,  -97,   36
  260,19620315,    0,  -41,   52
  260,19620316,   -6,  -57,   39
  260,19620317,    4,  -37,   45
  260,19620318,   16,  -12,   47
  260,19620319,   11,  -37,   62
  260,19620320,   16,  -40,   67
  260,19620321,   22,   -5,   49
  260,19620322,   25,  -18,   66
  260,19620323,   34,    7,   69
  260,19620324,   19,  -13,   56
  260,19620325,   21,  -33,   60
  260,19620326,   32,    4,   61
  260,19620327,   54,   39,   74
  260,19620328,   43,   15,   78
  260,19620329,   66,   20,  106
  260,19620330,   87,   45,  118
  260,19620331,   52,   24,   97
  260,19620401,   57,   27,   96
  260,19620402,   64,   31,   86
  260,19620403,   79,   54,  106
  260,19620404,   65,   49,  102
  260,19620405,   56,   47,   66
  260,19620406,   56,   24,   90
  260,19620407,   65,   24,  102
  260,19620408,   71,   36,   98
  260,19620409,   50,    6,   78
  260,19620410,   58,    6,   98
  260,19620411,   80,   48,  110
  260,19620412,   72,   16,  116
  260,19620413,   46,    7,   98
  260,19620414,   58,   31,   88
  260,19620415,   57,   29,   87
  260,19620416,   66,   49,   90
  260,19620417,   85,   19,  140
  260,19620418,  128,   64,  213
  260,19620419,  111,   84,  149
  260,19620420,  114,   62,  160
  260,19620421,  142,   47,  210
  260,19620422,  121,   68,  148
  260,19620423,  113,   66,  159
  260,19620424,  125,   70,  201
  260,19620425,   82,   61,  129
  260,19620426,  107,   66,  178
  260,19620427,   82,   60,  113
  260,19620428,   73,   55,  102
  260,19620429,   61,   38,   83
  260,19620430,   63,    1,  110
  260,19620501,   50,  -27,   93
  260,19620502,   66,   55,   86
  260,19620503,   67,   37,  111
  260,19620504,   78,   46,  107
  260,19620505,  114,   27,  171
  260,19620506,  131,  120,  148
  260,19620507,  143,   94,  170
  260,19620508,  141,   96,  194
  260,19620509,  125,   89,  176
  260,19620510,  107,   78,  148
  260,19620511,  110,   71,  161
  260,19620512,   94,   76,  116
  260,19620513,   89,   72,  109
  260,19620514,   81,   65,   98
  260,19620515,   82,   33,  118
  260,19620516,   86,   24,  117
  260,19620517,  105,   81,  137
  260,19620518,  112,   66,  156
  260,19620519,  109,   76,  148
  260,19620520,  102,   67,  147
  260,19620521,  107,   70,  134
  260,19620522,  122,   97,  153
  260,19620523,  112,   97,  138
  260,19620524,  105,   74,  141
  260,19620525,   80,   68,   90
  260,19620526,   96,   71,  126
  260,19620527,   98,   62,  161
  260,19620528,  104,   61,  146
  260,19620529,   98,   47,  146
  260,19620530,   92,   32,  137
  260,19620531,   88,   32,  123
  260,19620601,   74,   33,  115
  260,19620602,   80,   15,  121
  260,19620603,   92,   36,  144
  260,19620604,   91,   25,  125
  260,19620605,  114,   40,  165
  260,19620606,  149,   74,  201
  260,19620607,  154,   83,  207
  260,19620608,  151,   74,  212
  260,19620609,  146,   39,  224
  260,19620610,  136,   71,  212
  260,19620611,  120,   67,  165
  260,19620612,  127,   48,  182
  260,19620613,  154,   96,  223
  260,19620614,  187,   96,  260
  260,19620615,  184,  120,  238
  260,19620616,  165,  129,  209
  260,19620617,  148,   90,  200
  260,19620618,  192,   99,  268
  260,19620619,  156,  118,  188
  260,19620620,  143,  105,  176
  260,19620621,  164,  148,  190
  260,19620622,  173,  130,  207
  260,19620623,  154,   91,  196
  260,19620624,  145,   79,  187
  260,19620625,  133,   88,  169
  260,19620626,  118,   96,  149
  260,19620627,  113,   86,  142
  260,19620628,  123,   81,  158
  260,19620629,  115,   81,  145
  260,19620630,  117,   90,  150
  260,19620701,  125,  108,  145
  260,19620702,  136,  108,  151
  260,19620703,  114,   95,  144
  260,19620704,  107,   90,  136
  260,19620705,  116,   89,  150
  260,19620706,  115,   84,  141
  260,19620707,  132,   61,  177
  260,19620708,  125,   34,  184
  260,19620709,  139,   58,  193
  260,19620710,  184,  107,  259
  260,19620711,  166,  125,  206
  260,19620712,  147,  129,  179
  260,19620713,  148,  126,  198
  260,19620714,  153,   89,  204
  260,19620715,  158,  136,  190
  260,19620716,  149,  117,  186
  260,19620717,  138,  105,  169
  260,19620718,  139,   82,  188
  260,19620719,  158,  117,  190
  260,19620720,  168,  126,  221
  260,19620721,  180,  136,  211
  260,19620722,  159,  130,  196
  260,19620723,  149,   87,  186
  260,19620724,  157,   62,  221
  260,19620725,  190,  138,  237
  260,19620726,  185,  158,  226
  260,19620727,  142,   89,  170
  260,19620728,  128,   82,  174
  260,19620729,  129,   51,  192
  260,19620730,  148,   58,  199
  260,19620731,  166,  138,  206
  260,19620801,  168,  104,  222
  260,19620802,  161,   99,  216
  260,19620803,  160,   88,  215
  260,19620804,  158,   99,  201
  260,19620805,  140,   78,  200
  260,19620806,  144,  105,  183
  260,19620807,  127,  111,  158
  260,19620808,  127,   99,  165
  260,19620809,  136,   69,  198
  260,19620810,  163,  132,  198
  260,19620811,  171,  142,  214
  260,19620812,  163,  130,  194
  260,19620813,  166,  124,  199
  260,19620814,  154,  100,  200
  260,19620815,  175,  142,  214
  260,19620816,  154,  125,  187
  260,19620817,  139,  110,  178
  260,19620818,  142,   92,  187
  260,19620819,  142,   49,  213
  260,19620820,  175,  100,  235
  260,19620821,  165,  147,  198
  260,19620822,  150,  123,  188
  260,19620823,  146,  107,  179
  260,19620824,  167,  143,  191
  260,19620825,  154,  137,  179
  260,19620826,  157,  113,  193
  260,19620827,  154,  133,  177
  260,19620828,  152,  123,  192
  260,19620829,  150,   64,  193
  260,19620830,  132,   49,  198
  260,19620831,  141,   89,  185
  260,19620901,  129,   62,  183
  260,19620902,  145,   62,  229
  260,19620903,  186,  114,  270
  260,19620904,  167,  122,  219
  260,19620905,  148,  125,  183
  260,19620906,  150,  119,  181
  260,19620907,  133,   86,  171
  260,19620908,  116,   56,  163
  260,19620909,  118,   48,  180
  260,19620910,  162,   86,  222
  260,19620911,  167,  140,  193
  260,19620912,  164,  124,  188
  260,19620913,  119,   46,  166
  260,19620914,  104,   24,  167
  260,19620915,  143,   79,  208
  260,19620916,  132,   83,  164
  260,19620917,   93,   63,  128
  260,19620918,   85,   29,  135
  260,19620919,   98,   55,  148
  260,19620920,   89,   18,  161
  260,19620921,  111,   64,  148
  260,19620922,  121,   98,  151
  260,19620923,  122,  107,  149
  260,19620924,  123,   85,  171
  260,19620925,  133,  107,  174
  260,19620926,  133,   74,  189
  260,19620927,  126,   77,  161
  260,19620928,  118,   57,  178
  260,19620929,  128,   89,  172
  260,19620930,  143,   98,  173
  260,19621001,  167,  106,  225
  260,19621002,  170,  142,  209
  260,19621003,  159,  140,  182
  260,19621004,  132,   68,  155
  260,19621005,  119,   51,  175
  260,19621006,  138,   83,  190
  260,19621007,  115,   57,  182
  260,19621008,  122,   68,  171
  260,19621009,  126,   72,  208
  260,19621010,  116,   53,  191
  260,19621011,  118,   92,  128
  260,19621012,   87,   64,  111
  260,19621013,   73,   38,   85
  260,19621014,   82,   32,  129
  260,19621015,   94,   49,  150
  260,19621016,  115,   67,  160
  260,19621017,  123,   66,  167
  260,19621018,  127,  107,  173
  260,19621019,  119,   90,  143
  260,19621020,  116,   98,  137
  260,19621021,  104,   64,  146
  260,19621022,   86,   49,  144
  260,19621023,   68,    2,  141
  260,19621024,  106,   79,  131
  260,19621025,  116,   82,  135
  260,19621026,  101,   67,  129
  260,19621027,   70,   27,  115
  260,19621028,   78,   55,  116
  260,19621029,   77,   36,  131
  260,19621030,   58,   29,   92
  260,19621031,   63,   29,   94
  260,19621101,   48,   12,   97
  260,19621102,   55,   25,   80
  260,19621103,   94,   67,  121
  260,19621104,  101,   85,  118
  260,19621105,   77,   35,  107
  260,19621106,   60,   29,   89
  260,19621107,   90,   61,  116
  260,19621108,   89,   71,  114
  260,19621109,   80,   60,   97
  260,19621110,   73,   54,   95
  260,19621111,   33,   25,   54
  260,19621112,   21,   17,   27
  260,19621113,   19,    4,   32
  260,19621114,    8,  -30,   34
  260,19621115,   35,   10,   65
  260,19621116,   15,   -5,   42
  260,19621117,    4,  -17,   34
  260,19621118,   20,    1,   41
  260,19621119,   26,    4,   55
  260,19621120,   11,  -16,   45
  260,19621121,   -5,  -35,   31
  260,19621122,  -31,  -61,  -15
  260,19621123,  -23,  -33,  -12
  260,19621124,   10,  -14,   29
  260,19621125,   49,   29,   60
  260,19621126,   59,   41,   77
  260,19621127,   55,   46,   63
  260,19621128,   65,   55,   81
  260,19621129,   68,   53,   77
  260,19621130,   55,  -10,   96
  260,19621201,  -13,  -34,   28
  260,19621202,  -19,  -44,   18
  260,19621203,  -18,  -45,   38
  260,19621204,  -28,  -78,   54
  260,19621205,  -50,  -90,   39
  260,19621206,  -39, -103,   80
  260,19621207,  -20,  -55,   11
  260,19621208,   13,  -33,   49
  260,19621209,   59,   34,   73
  260,19621210,   53,   40,   71
  260,19621211,   59,   28,   77
  260,19621212,   30,  -15,   75
  260,19621213,   14,  -12,   48
  260,19621214,   30,  -21,   71
  260,19621215,   81,   59,  111
  260,19621216,   59,   33,   84
  260,19621217,   27,   12,   50
  260,19621218,   33,   13,   73
  260,19621219,   24,   -7,   47
  260,19621220,   -3,  -26,   24
  260,19621221,   32,   -3,   76
  260,19621222,  -54,  -98,   -3
  260,19621223,  -79, -115,  -45
  260,19621224,  -69,  -92,  -38
  260,19621225,  -46,  -69,  -32
  260,19621226,  -59, -109,  -31
  260,19621227,  -29,  -37,  -25
  260,19621228,  -59, -102,  -37
  260,19621229,  -63, -105,  -42
  260,19621230,  -43,  -52,  -28
  260,19621231,  -31,  -48,  -25
