STN,date,   ave_temp,   min_temp,   max_temp
  380,20040101,  -10,  -38,    5
  380,20040102,  -22,  -63,   -1
  380,20040103,  -54,  -85,  -19
  380,20040104,   -4,  -44,   22
  380,20040105,   28,   18,   36
  380,20040106,   57,   33,   79
  380,20040107,   59,   13,   81
  380,20040108,   49,   16,   67
  380,20040109,   58,   40,   74
  380,20040110,   49,   11,   79
  380,20040111,   92,   47,  123
  380,20040112,   52,   42,   63
  380,20040113,   77,   57,  100
  380,20040114,   51,   23,   68
  380,20040115,   39,   22,   53
  380,20040116,   62,   47,   80
  380,20040117,   41,   32,   57
  380,20040118,   12,  -26,   43
  380,20040119,   41,   -7,   84
  380,20040120,   41,  -11,   86
  380,20040121,   -2,  -20,   29
  380,20040122,    6,  -26,   28
  380,20040123,   13,  -13,   60
  380,20040124,   25,   -1,   45
  380,20040125,   29,   -4,   60
  380,20040126,    6,  -15,   24
  380,20040127,   -5,  -18,    7
  380,20040128,    2,   -9,   14
  380,20040129,    1,  -24,   18
  380,20040130,   10,   -7,   27
  380,20040131,   73,   21,  118
  380,20040201,  103,   85,  122
  380,20040202,  114,   95,  124
  380,20040203,  124,   95,  155
  380,20040204,  138,  105,  167
  380,20040205,  130,  123,  143
  380,20040206,  121,   98,  152
  380,20040207,   74,   48,  101
  380,20040208,   36,    5,   59
  380,20040209,   26,    7,   46
  380,20040210,   20,  -20,   44
  380,20040211,   63,   34,   83
  380,20040212,   39,    5,   62
  380,20040213,   62,   51,   78
  380,20040214,   62,   48,   81
  380,20040215,   50,    4,   66
  380,20040216,   27,   -6,   61
  380,20040217,   36,   14,   55
  380,20040218,   40,    6,   62
  380,20040219,    8,  -15,   35
  380,20040220,    4,  -28,   51
  380,20040221,    7,  -22,   29
  380,20040222,   11,  -18,   46
  380,20040223,    6,  -31,   52
  380,20040224,    4,  -50,   45
  380,20040225,    5,  -15,   32
  380,20040226,  -12,  -42,   28
  380,20040227,  -10,  -41,   25
  380,20040228,   -5,  -44,   27
  380,20040229,  -17,  -36,    3
  380,20040301,   -5,  -53,   33
  380,20040302,   28,   -4,   72
  380,20040303,   18,  -32,   77
  380,20040304,   57,    5,  114
  380,20040305,   38,    8,   81
  380,20040306,   21,    7,   37
  380,20040307,   41,   25,   68
  380,20040308,   23,  -15,   64
  380,20040309,    6,   -8,   21
  380,20040310,    3,  -11,   14
  380,20040311,   10,  -17,   46
  380,20040312,   32,  -19,   78
  380,20040313,   86,   56,  112
  380,20040314,   95,   57,  134
  380,20040315,  115,   95,  136
  380,20040316,  125,   84,  174
  380,20040317,  143,   60,  212
  380,20040318,  130,   72,  197
  380,20040319,  108,   90,  136
  380,20040320,  112,   78,  135
  380,20040321,   88,   68,  117
  380,20040322,   68,   32,  103
  380,20040323,   57,   34,   93
  380,20040324,   45,    7,   84
  380,20040325,   30,   -7,   73
  380,20040326,   21,  -13,   62
  380,20040327,   29,  -25,   80
  380,20040328,   47,  -26,  106
  380,20040329,   68,   -6,  130
  380,20040330,   98,   17,  169
  380,20040331,  128,   40,  195
  380,20040401,  142,   62,  199
  380,20040402,  130,   85,  177
  380,20040403,  116,   96,  142
  380,20040404,  105,   73,  132
  380,20040405,   75,   38,  111
  380,20040406,   51,   27,   86
  380,20040407,   51,   34,   87
  380,20040408,   50,   31,   86
  380,20040409,   58,   37,   83
  380,20040410,   53,   11,   82
  380,20040411,   53,   17,   91
  380,20040412,   74,    6,  129
  380,20040413,   84,   48,  112
  380,20040414,   88,   19,  157
  380,20040415,  121,   34,  181
  380,20040416,  137,   52,  202
  380,20040417,  138,   72,  200
  380,20040418,   96,   67,  127
  380,20040419,   72,   33,  123
  380,20040420,   98,   43,  151
  380,20040421,  127,   74,  174
  380,20040422,  136,   96,  181
  380,20040423,  120,   77,  168
  380,20040424,  111,   57,  160
  380,20040425,  121,   48,  170
  380,20040426,  136,   75,  187
  380,20040427,  154,   85,  203
  380,20040428,  146,  109,  205
  380,20040429,  139,  107,  172
  380,20040430,  152,  119,  215
  380,20040501,  136,  107,  163
  380,20040502,  137,   98,  191
  380,20040503,  128,   74,  193
  380,20040504,  104,   80,  148
  380,20040505,   99,   55,  144
  380,20040506,  101,   32,  154
  380,20040507,   85,   67,  105
  380,20040508,   82,   67,   97
  380,20040509,  117,   73,  155
  380,20040510,  135,   99,  177
  380,20040511,  105,   80,  133
  380,20040512,  107,   75,  158
  380,20040513,   98,   77,  120
  380,20040514,  117,   54,  161
  380,20040515,  138,   49,  203
  380,20040516,  143,   96,  190
  380,20040517,  164,   86,  219
  380,20040518,  170,  106,  226
  380,20040519,  170,   79,  237
  380,20040520,  164,   94,  221
  380,20040521,  106,   65,  143
  380,20040522,   92,   40,  144
  380,20040523,  104,   62,  152
  380,20040524,  115,   32,  175
  380,20040525,  128,   46,  190
  380,20040526,  119,   74,  160
  380,20040527,  108,   54,  157
  380,20040528,  135,   50,  195
  380,20040529,  174,   82,  239
  380,20040530,  167,  113,  226
  380,20040531,  130,   94,  195
  380,20040601,  168,   85,  223
  380,20040602,  146,  116,  210
  380,20040603,  147,  113,  192
  380,20040604,  133,  106,  165
  380,20040605,  142,  116,  181
  380,20040606,  154,  105,  207
  380,20040607,  199,  117,  263
  380,20040608,  237,  144,  302
  380,20040609,  233,  181,  288
  380,20040610,  184,  164,  207
  380,20040611,  159,  137,  186
  380,20040612,  142,  114,  184
  380,20040613,  133,   94,  168
  380,20040614,  163,   69,  223
  380,20040615,  188,  133,  250
  380,20040616,  152,   99,  196
  380,20040617,  172,  130,  227
  380,20040618,  139,  113,  173
  380,20040619,  120,   74,  158
  380,20040620,  113,   69,  171
  380,20040621,  124,   74,  182
  380,20040622,  155,  107,  188
  380,20040623,  177,  149,  207
  380,20040624,  149,  116,  187
  380,20040625,  140,   92,  183
  380,20040626,  163,   78,  210
  380,20040627,  190,  143,  252
  380,20040628,  164,  117,  217
  380,20040629,  165,   92,  217
  380,20040630,  191,  129,  246
  380,20040701,  159,  102,  196
  380,20040702,  146,   97,  188
  380,20040703,  151,  125,  188
  380,20040704,  148,  114,  179
  380,20040705,  161,  122,  208
  380,20040706,  161,   89,  218
  380,20040707,  170,  115,  252
  380,20040708,  176,  132,  225
  380,20040709,  142,  119,  173
  380,20040710,  135,   99,  180
  380,20040711,  129,   85,  165
  380,20040712,  131,  115,  152
  380,20040713,  131,   93,  164
  380,20040714,  151,   91,  211
  380,20040715,  175,  159,  204
  380,20040716,  203,  167,  252
  380,20040717,  215,  144,  299
  380,20040718,  196,  150,  243
  380,20040719,  182,  136,  226
  380,20040720,  166,  146,  192
  380,20040721,  203,  142,  263
  380,20040722,  218,  152,  268
  380,20040723,  203,  147,  260
  380,20040724,  180,  122,  235
  380,20040725,  158,  128,  192
  380,20040726,  165,  131,  215
  380,20040727,  172,  103,  224
  380,20040728,  190,  114,  243
  380,20040729,  209,  139,  267
  380,20040730,  229,  160,  291
  380,20040731,  215,  167,  271
  380,20040801,  194,  139,  248
  380,20040802,  213,  141,  272
  380,20040803,  228,  151,  292
  380,20040804,  219,  180,  274
  380,20040805,  247,  190,  311
  380,20040806,  228,  170,  290
  380,20040807,  211,  185,  255
  380,20040808,  244,  176,  315
  380,20040809,  263,  200,  324
  380,20040810,  207,  183,  278
  380,20040811,  220,  177,  269
  380,20040812,  187,  154,  248
  380,20040813,  168,  143,  219
  380,20040814,  188,  156,  242
  380,20040815,  198,  139,  256
  380,20040816,  200,  174,  240
  380,20040817,  195,  161,  241
  380,20040818,  208,  175,  271
  380,20040819,  194,  159,  239
  380,20040820,  168,  131,  215
  380,20040821,  142,   99,  177
  380,20040822,  153,   95,  211
  380,20040823,  179,  112,  246
  380,20040824,  174,  144,  217
  380,20040825,  156,  138,  196
  380,20040826,  154,  110,  198
  380,20040827,  149,  116,  172
  380,20040828,  172,  140,  217
  380,20040829,  169,  132,  207
  380,20040830,  149,  115,  196
  380,20040831,  143,  105,  186
  380,20040901,  152,   93,  215
  380,20040902,  181,  108,  249
  380,20040903,  199,  140,  258
  380,20040904,  214,  145,  282
  380,20040905,  211,  148,  270
  380,20040906,  203,  139,  267
  380,20040907,  197,  150,  259
  380,20040908,  170,  121,  226
  380,20040909,  172,  109,  239
  380,20040910,  200,  112,  273
  380,20040911,  185,  164,  230
  380,20040912,  157,  131,  190
  380,20040913,  152,  113,  218
  380,20040914,  151,  112,  203
  380,20040915,  121,   81,  163
  380,20040916,  118,   54,  177
  380,20040917,  143,   83,  209
  380,20040918,  180,  125,  241
  380,20040919,  147,  104,  183
  380,20040920,  140,  105,  167
  380,20040921,  135,  111,  168
  380,20040922,  125,  107,  144
  380,20040923,  130,  103,  156
  380,20040924,  109,   89,  143
  380,20040925,  114,   99,  144
  380,20040926,  140,  107,  178
  380,20040927,  144,  120,  167
  380,20040928,  154,  127,  182
  380,20040929,  135,  111,  161
  380,20040930,  124,   69,  164
  380,20041001,  155,  116,  197
  380,20041002,  132,  102,  158
  380,20041003,  138,   94,  188
  380,20041004,  170,  130,  224
  380,20041005,  155,  114,  181
  380,20041006,  123,   86,  164
  380,20041007,  114,   80,  159
  380,20041008,  108,   84,  142
  380,20041009,   93,   51,  144
  380,20041010,   88,   51,  139
  380,20041011,   86,   40,  132
  380,20041012,   94,   66,  154
  380,20041013,  116,   74,  162
  380,20041014,  122,   98,  150
  380,20041015,   95,   70,  137
  380,20041016,   74,   59,   86
  380,20041017,   82,   62,  103
  380,20041018,   96,   67,  127
  380,20041019,   94,   37,  147
  380,20041020,  148,   79,  201
  380,20041021,  131,  106,  177
  380,20041022,  130,   95,  170
  380,20041023,  163,  127,  195
  380,20041024,  169,  147,  203
  380,20041025,  137,  103,  159
  380,20041026,   89,   34,  125
  380,20041027,   86,   28,  122
  380,20041028,  125,  102,  165
  380,20041029,  111,   58,  183
  380,20041030,   88,   45,  148
  380,20041031,   90,   64,  111
  380,20041101,   84,   62,  107
  380,20041102,   97,   78,  118
  380,20041103,  112,   64,  148
  380,20041104,  111,   84,  135
  380,20041105,   77,   48,  115
  380,20041106,   85,   68,  100
  380,20041107,   73,   47,  112
  380,20041108,   64,   39,   89
  380,20041109,   28,  -10,   55
  380,20041110,   32,    3,   48
  380,20041111,   30,   -3,   49
  380,20041112,   40,  -18,   82
  380,20041113,   43,   21,   85
  380,20041114,   30,    0,   81
  380,20041115,   37,   -8,   63
  380,20041116,   80,   56,   98
  380,20041117,  104,   90,  121
  380,20041118,   82,   64,  107
  380,20041119,   19,    6,   82
  380,20041120,   16,   -3,   49
  380,20041121,   19,  -13,   71
  380,20041122,  102,   71,  121
  380,20041123,   74,    4,  100
  380,20041124,   19,  -17,   73
  380,20041125,    4,  -35,   57
  380,20041126,   39,   10,   68
  380,20041127,   79,   68,   88
  380,20041128,   71,   56,   86
  380,20041129,   63,   54,   76
  380,20041130,   37,    5,   60
  380,20041201,   22,   11,   32
  380,20041202,   21,    2,   51
  380,20041203,   12,  -24,   62
  380,20041204,   16,  -30,   61
  380,20041205,   40,    7,   55
  380,20041206,   51,   25,   84
  380,20041207,   46,   25,   65
  380,20041208,   45,    6,   67
  380,20041209,    5,  -51,   48
  380,20041210,  -14,  -50,   21
  380,20041211,   13,   -2,   27
  380,20041212,  -17,  -23,    4
  380,20041213,  -29,  -52,  -14
  380,20041214,   -9,  -53,   38
  380,20041215,   42,   -8,   87
  380,20041216,   51,   18,   72
  380,20041217,   49,   15,   68
  380,20041218,   36,   11,   57
  380,20041219,    8,  -26,   37
  380,20041220,  -29,  -63,   29
  380,20041221,  -29,  -75,   -1
  380,20041222,   12,   -6,   31
  380,20041223,   77,   30,   98
  380,20041224,   86,   70,  107
  380,20041225,   42,   15,  102
  380,20041226,   13,   -9,   33
  380,20041227,  -15,  -38,   -4
  380,20041228,   10,  -19,   28
  380,20041229,   28,   14,   49
  380,20041230,   52,   33,   73
  380,20041231,   85,   72,   96
