STN,YYYYMMDD,   Gemiddelde temperatuur,   Minimum temperatuur,   Maximum temperatuur
  380,19940101,   27,    5,   43
  380,19940102,   60,   23,   87
  380,19940103,   71,   52,   91
  380,19940104,   61,   44,   82
  380,19940105,   59,   35,   83
  380,19940106,   69,   56,   87
  380,19940107,   42,   21,   56
  380,19940108,   23,  -11,   48
  380,19940109,   17,  -26,   53
  380,19940110,   35,    1,   79
  380,19940111,   52,   29,   72
  380,19940112,   88,   58,  129
  380,19940113,   93,   65,  129
  380,19940114,   64,   48,   80
  380,19940115,   39,    3,   65
  380,19940116,   12,  -13,   39
  380,19940117,  -19,  -28,  -11
  380,19940118,    5,  -21,   29
  380,19940119,    6,   -4,   18
  380,19940120,    9,   -7,   24
  380,19940121,   30,   14,   41
  380,19940122,   56,   41,   75
  380,19940123,   74,   40,   99
  380,19940124,   49,   33,   64
  380,19940125,   88,   57,  102
  380,19940126,   55,   38,   72
  380,19940127,   81,   32,  104
  380,19940128,   26,   -7,   55
  380,19940129,   21,   -6,   65
  380,19940130,   59,   36,   73
  380,19940131,   42,   10,   68
  380,19940201,   46,   33,   70
  380,19940202,   43,   22,   70
  380,19940203,   38,    6,   74
  380,19940204,   66,   42,   96
  380,19940205,   49,   31,   69
  380,19940206,   43,    2,   70
  380,19940207,   40,    0,   79
  380,19940208,   36,   13,   54
  380,19940209,   41,    8,   57
  380,19940210,   45,   31,   61
  380,19940211,   29,   19,   43
  380,19940212,   10,  -10,   33
  380,19940213,  -31,  -80,    3
  380,19940214,  -41,  -82,   -7
  380,19940215,   -4,  -38,   34
  380,19940216,    4,  -43,   44
  380,19940217,  -16,  -58,   31
  380,19940218,   -6,  -48,   44
  380,19940219,  -17,  -64,   47
  380,19940220,  -52,  -82,  -24
  380,19940221,  -42, -103,   12
  380,19940222,  -13,  -55,    9
  380,19940223,   19,  -16,   50
  380,19940224,   50,   17,   79
  380,19940225,   21,    7,   50
  380,19940226,   91,   30,  133
  380,19940227,  109,   82,  134
  380,19940228,   90,   63,  135
  380,19940301,   68,   18,   92
  380,19940302,   52,   18,   87
  380,19940303,   58,   21,   99
  380,19940304,   58,   10,  106
  380,19940305,   86,    8,  154
  380,19940306,   67,   25,   94
  380,19940307,   81,   64,   98
  380,19940308,  107,   91,  122
  380,19940309,  113,   86,  157
  380,19940310,   80,   19,  116
  380,19940311,   68,    1,  128
  380,19940312,   68,   51,   97
  380,19940313,   80,   58,  108
  380,19940314,   85,   45,  107
  380,19940315,   83,   48,   99
  380,19940316,   52,   16,   83
  380,19940317,   40,   17,   69
  380,19940318,   55,   21,   82
  380,19940319,   58,   25,   85
  380,19940320,   45,   13,   79
  380,19940321,   46,    3,   94
  380,19940322,   56,  -16,   98
  380,19940323,  108,   87,  133
  380,19940324,  101,   75,  137
  380,19940325,   99,   59,  123
  380,19940326,   50,   16,   85
  380,19940327,   42,  -18,   93
  380,19940328,   96,   31,  133
  380,19940329,  122,   96,  151
  380,19940330,  148,   85,  199
  380,19940331,  119,   71,  170
  380,19940401,   88,   55,  134
  380,19940402,   47,   16,   87
  380,19940403,   52,   21,   87
  380,19940404,   55,   10,  128
  380,19940405,   40,   14,   91
  380,19940406,   45,   13,   94
  380,19940407,   58,    3,   97
  380,19940408,   66,   38,   95
  380,19940409,   32,   -3,   85
  380,19940410,   49,   -1,   89
  380,19940411,   72,   50,   96
  380,19940412,   69,   44,   87
  380,19940413,   81,   48,  123
  380,19940414,   53,   27,   92
  380,19940415,   63,   27,  109
  380,19940416,   99,   57,  146
  380,19940417,   72,   45,  114
  380,19940418,   61,   29,  109
  380,19940419,   63,    2,  121
  380,19940420,   91,   29,  141
  380,19940421,  106,   62,  151
  380,19940422,  130,   57,  195
  380,19940423,  153,   90,  216
  380,19940424,  136,   91,  205
  380,19940425,  100,   54,  137
  380,19940426,  110,   49,  139
  380,19940427,  142,  118,  171
  380,19940428,  155,  110,  202
  380,19940429,  167,   81,  230
  380,19940430,  158,   70,  222
  380,19940501,   92,   41,  138
  380,19940502,   95,   15,  162
  380,19940503,  147,   47,  224
  380,19940504,  118,   80,  160
  380,19940505,  103,   72,  144
  380,19940506,  120,   84,  146
  380,19940507,  169,  121,  229
  380,19940508,  119,   90,  154
  380,19940509,  103,   82,  136
  380,19940510,  104,   75,  136
  380,19940511,  150,   78,  206
  380,19940512,  154,  100,  211
  380,19940513,  149,   76,  215
  380,19940514,  155,  114,  219
  380,19940515,  165,  124,  212
  380,19940516,  156,  101,  210
  380,19940517,  148,   98,  198
  380,19940518,  145,   85,  209
  380,19940519,  119,   91,  157
  380,19940520,  124,   75,  157
  380,19940521,  141,   99,  181
  380,19940522,  143,  112,  196
  380,19940523,  139,   89,  194
  380,19940524,  142,   77,  189
  380,19940525,  127,  100,  145
  380,19940526,  116,   90,  137
  380,19940527,  100,   80,  133
  380,19940528,  111,   68,  152
  380,19940529,  104,   75,  135
  380,19940530,  101,   50,  149
  380,19940531,  133,   40,  200
  380,19940601,  191,   70,  276
  380,19940602,  168,  125,  220
  380,19940603,  142,  112,  190
  380,19940604,  116,  102,  138
  380,19940605,  115,   82,  153
  380,19940606,  122,   71,  152
  380,19940607,  153,  119,  194
  380,19940608,  135,   88,  197
  380,19940609,  111,   71,  157
  380,19940610,  110,   81,  155
  380,19940611,  109,   80,  150
  380,19940612,  138,   75,  187
  380,19940613,  149,   93,  192
  380,19940614,  167,  103,  226
  380,19940615,  146,   97,  197
  380,19940616,  143,  122,  172
  380,19940617,  146,  119,  191
  380,19940618,  190,  132,  245
  380,19940619,  183,  127,  241
  380,19940620,  163,  108,  215
  380,19940621,  179,  116,  205
  380,19940622,  184,  130,  214
  380,19940623,  166,  106,  220
  380,19940624,  210,  112,  283
  380,19940625,  215,  164,  270
  380,19940626,  210,  164,  262
  380,19940627,  208,  153,  264
  380,19940628,  242,  160,  302
  380,19940629,  223,  159,  265
  380,19940630,  189,  133,  241
  380,19940701,  214,  129,  282
  380,19940702,  249,  166,  319
  380,19940703,  248,  172,  311
  380,19940704,  239,  184,  309
  380,19940705,  175,  146,  213
  380,19940706,  178,  131,  214
  380,19940707,  144,  113,  193
  380,19940708,  161,   97,  206
  380,19940709,  178,  129,  230
  380,19940710,  201,  119,  265
  380,19940711,  237,  150,  303
  380,19940712,  254,  174,  322
  380,19940713,  260,  174,  321
  380,19940714,  218,  173,  263
  380,19940715,  213,  164,  266
  380,19940716,  219,  158,  275
  380,19940717,  215,  171,  272
  380,19940718,  191,  152,  222
  380,19940719,  213,  150,  272
  380,19940720,  197,  151,  239
  380,19940721,  232,  139,  297
  380,19940722,  245,  187,  300
  380,19940723,  244,  178,  312
  380,19940724,  274,  181,  350
  380,19940725,  234,  190,  283
  380,19940726,  245,  181,  318
  380,19940727,  254,  192,  331
  380,19940728,  234,  180,  286
  380,19940729,  208,  166,  265
  380,19940730,  244,  180,  329
  380,19940731,  256,  187,  327
  380,19940801,  196,  161,  231
  380,19940802,  215,  137,  280
  380,19940803,  245,  153,  317
  380,19940804,  284,  190,  362
  380,19940805,  229,  200,  295
  380,19940806,  221,  185,  268
  380,19940807,  203,  166,  255
  380,19940808,  193,  150,  244
  380,19940809,  199,  133,  262
  380,19940810,  198,  156,  271
  380,19940811,  184,  158,  226
  380,19940812,  160,  138,  176
  380,19940813,  147,  106,  189
  380,19940814,  133,   91,  188
  380,19940815,  142,   78,  197
  380,19940816,  173,   83,  245
  380,19940817,  148,   95,  208
  380,19940818,  155,  121,  193
  380,19940819,  161,  134,  200
  380,19940820,  164,  132,  203
  380,19940821,  176,  123,  228
  380,19940822,  199,  140,  271
  380,19940823,  217,  182,  257
  380,19940824,  177,  141,  212
  380,19940825,  178,  128,  227
  380,19940826,  177,  141,  205
  380,19940827,  164,  145,  187
  380,19940828,  152,  121,  192
  380,19940829,  146,  108,  188
  380,19940830,  148,  107,  191
  380,19940831,  179,  106,  235
  380,19940901,  168,  130,  194
  380,19940902,  146,  126,  179
  380,19940903,  152,  119,  191
  380,19940904,  171,  125,  215
  380,19940905,  153,  105,  204
  380,19940906,  127,   83,  170
  380,19940907,  132,   94,  154
  380,19940908,  141,  115,  179
  380,19940909,  121,  103,  154
  380,19940910,  126,  111,  155
  380,19940911,  140,   93,  180
  380,19940912,  163,  122,  213
  380,19940913,  137,   91,  187
  380,19940914,  120,   88,  142
  380,19940915,  116,   84,  147
  380,19940916,  103,   84,  126
  380,19940917,   96,   72,  117
  380,19940918,  114,   89,  152
  380,19940919,  117,   82,  151
  380,19940920,  112,   81,  127
  380,19940921,  127,  105,  152
  380,19940922,  132,   84,  184
  380,19940923,  151,   88,  214
  380,19940924,  157,  118,  208
  380,19940925,  160,  113,  222
  380,19940926,  161,  108,  224
  380,19940927,  144,  123,  178
  380,19940928,  134,   99,  175
  380,19940929,  136,   89,  171
  380,19940930,  143,   89,  188
  380,19941001,  137,  115,  162
  380,19941002,  139,  120,  172
  380,19941003,  111,   48,  150
  380,19941004,   57,   24,   93
  380,19941005,   68,   32,  111
  380,19941006,   82,   46,  131
  380,19941007,   75,   33,  119
  380,19941008,   69,    4,  121
  380,19941009,   91,   37,  153
  380,19941010,  100,   34,  159
  380,19941011,  106,   41,  172
  380,19941012,  105,   44,  171
  380,19941013,   92,   64,  141
  380,19941014,  115,   35,  203
  380,19941015,  133,   82,  200
  380,19941016,   91,   72,  108
  380,19941017,   53,   13,  100
  380,19941018,   51,    0,  108
  380,19941019,   76,   23,  157
  380,19941020,   91,   38,  155
  380,19941021,  100,   40,  141
  380,19941022,  136,   91,  159
  380,19941023,  127,   91,  161
  380,19941024,  106,   85,  131
  380,19941025,  102,   81,  125
  380,19941026,   90,   68,  117
  380,19941027,   80,   62,   99
  380,19941028,   76,   45,  115
  380,19941029,   82,   52,  111
  380,19941030,  138,  110,  150
  380,19941031,  137,  118,  152
  380,19941101,  100,   50,  131
  380,19941102,   80,   37,  124
  380,19941103,  118,   68,  193
  380,19941104,  135,   90,  211
  380,19941105,  136,  105,  191
  380,19941106,  128,  108,  154
  380,19941107,  110,   92,  122
  380,19941108,  100,   59,  151
  380,19941109,   92,   38,  138
  380,19941110,  102,   66,  121
  380,19941111,   91,   60,  107
  380,19941112,  104,   91,  125
  380,19941113,  107,   88,  131
  380,19941114,  129,  113,  140
  380,19941115,  121,  102,  138
  380,19941116,   87,   63,  107
  380,19941117,   88,   69,  105
  380,19941118,   89,   64,  100
  380,19941119,  111,   82,  135
  380,19941120,  137,  124,  147
  380,19941121,   97,   74,  124
  380,19941122,   97,   56,  130
  380,19941123,  100,   76,  133
  380,19941124,   94,   62,  113
  380,19941125,   78,   53,   98
  380,19941126,   98,   72,  111
  380,19941127,   92,   82,  109
  380,19941128,   85,   59,  100
  380,19941129,   53,   15,   74
  380,19941130,   24,  -11,   69
  380,19941201,   26,   -9,   81
  380,19941202,   33,  -16,   82
  380,19941203,   99,   58,  134
  380,19941204,  106,   76,  129
  380,19941205,   97,   78,  122
  380,19941206,   68,   47,   97
  380,19941207,   71,   42,  108
  380,19941208,   86,   55,  108
  380,19941209,   66,   17,  106
  380,19941210,   64,    3,  123
  380,19941211,  126,  119,  135
  380,19941212,  118,  107,  127
  380,19941213,  105,   52,  121
  380,19941214,   41,   -2,   65
  380,19941215,    5,  -36,   36
  380,19941216,   26,   -5,   47
  380,19941217,   37,    5,   57
  380,19941218,   50,   22,   71
  380,19941219,   53,   26,   74
  380,19941220,   36,   12,   58
  380,19941221,   26,    9,   40
  380,19941222,   16,  -19,   32
  380,19941223,   -9,  -44,   14
  380,19941224,  -44,  -68,  -16
  380,19941225,  -25,  -52,  -12
  380,19941226,   11,  -13,   46
  380,19941227,   97,   46,  116
  380,19941228,  125,  115,  133
  380,19941229,  107,   88,  128
  380,19941230,   63,   47,   94
  380,19941231,   45,   26,   62
