STN,date,   ave_temp,   min_temp,   max_temp
  260,19010101,  -49,  -65,  -24
  260,19010102,  -18,  -33,  -14
  260,19010103,  -26,  -76,   -6
  260,19010104,  -65,  -90,  -11
  260,19010105,  -60,  -82,  -20
  260,19010106, -100, -114,  -80
  260,19010107,  -92, -121,  -68
  260,19010108,  -49,  -93,   -7
  260,19010109,   11,  -26,   44
  260,19010110,   15,  -15,   61
  260,19010111,  -19,  -75,   51
  260,19010112,  -64,  -88,  -20
  260,19010113,  -44,  -80,  -20
  260,19010114,  -24,  -69,   31
  260,19010115,    7,  -35,   54
  260,19010116,   -4,  -42,   42
  260,19010117,   18,  -24,   65
  260,19010118,   -2,  -42,   43
  260,19010119,   34,   -7,   64
  260,19010120,   57,   45,   72
  260,19010121,   72,   64,  100
  260,19010122,   73,   71,   83
  260,19010123,   20,  -20,   83
  260,19010124,   16,  -12,   57
  260,19010125,   58,   51,   75
  260,19010126,   41,   31,   70
  260,19010127,   74,   40,   90
  260,19010128,   29,    0,   54
  260,19010129,   -3,  -34,   28
  260,19010130,    7,  -21,   39
  260,19010131,    7,   -5,   22
  260,19010201,    1,  -19,   23
  260,19010202,   -9,  -33,   -3
  260,19010203,  -12,  -56,   26
  260,19010204,  -44,  -83,  -19
  260,19010205,  -16,  -34,   17
  260,19010206,  -18,  -41,    1
  260,19010207,  -24, -103,   27
  260,19010208,   16,  -10,   62
  260,19010209,   20,   11,   32
  260,19010210,   21,    9,   27
  260,19010211,    1,  -29,   28
  260,19010212,  -17,  -50,   35
  260,19010213,  -56,  -81,  -27
  260,19010214,  -77, -111,  -43
  260,19010215,  -62, -129,  -25
  260,19010216,   18,  -22,   45
  260,19010217,   -8,  -47,   14
  260,19010218,  -22,  -62,    4
  260,19010219,  -19,  -56,   -3
  260,19010220,  -67, -103,  -28
  260,19010221,  -52, -110,   -7
  260,19010222,  -15,  -39,    1
  260,19010223,   16,   -9,   35
  260,19010224,   21,  -15,   40
  260,19010225,   36,   27,   55
  260,19010226,   29,    4,   70
  260,19010227,   44,   11,   74
  260,19010228,   54,   38,   82
  260,19010301,   51,   40,   69
  260,19010302,   63,   46,   80
  260,19010303,   64,   46,   94
  260,19010304,   53,   21,   90
  260,19010305,   69,   45,   95
  260,19010306,   48,   35,   63
  260,19010307,   41,   31,   63
  260,19010308,   44,   11,   92
  260,19010309,   27,    8,   32
  260,19010310,   20,   10,   23
  260,19010311,   23,    7,   38
  260,19010312,   46,   39,   59
  260,19010313,   48,   15,   92
  260,19010314,   39,    9,   84
  260,19010315,   57,   12,  116
  260,19010316,   74,   60,  100
  260,19010317,   55,   18,   90
  260,19010318,   39,   27,   55
  260,19010319,   36,   15,   60
  260,19010320,   31,    2,   48
  260,19010321,   19,  -11,   59
  260,19010322,   13,  -13,   40
  260,19010323,   23,  -14,   58
  260,19010324,   23,  -11,   72
  260,19010325,    4,  -24,   29
  260,19010326,  -14,  -66,   37
  260,19010327,  -16,  -32,   25
  260,19010328,  -13,  -51,   37
  260,19010329,   -6,  -27,   38
  260,19010330,   45,   -6,   82
  260,19010331,   81,   63,  112
  260,19010401,   71,   20,  110
  260,19010402,   75,    0,  129
  260,19010403,  111,   80,  140
  260,19010404,   84,   37,  118
  260,19010405,   50,   -7,   90
  260,19010406,   62,  -18,  107
  260,19010407,   97,   70,  118
  260,19010408,  103,   54,  136
  260,19010409,   97,   66,  127
  260,19010410,   81,   52,  117
  260,19010411,   83,   57,  117
  260,19010412,   65,   51,   95
  260,19010413,   58,   33,   91
  260,19010414,   79,   55,  109
  260,19010415,   59,   28,   90
  260,19010416,   46,   14,   90
  260,19010417,   51,   14,   79
  260,19010418,   62,  -15,  126
  260,19010419,   92,   28,  154
  260,19010420,  127,   39,  193
  260,19010421,  153,   69,  215
  260,19010422,  165,  109,  224
  260,19010423,  147,   76,  205
  260,19010424,  132,   72,  183
  260,19010425,  134,   75,  195
  260,19010426,   60,    6,  111
  260,19010427,   72,   22,  130
  260,19010428,   97,   69,  133
  260,19010429,   97,   67,  151
  260,19010430,   99,   60,  164
  260,19010501,   85,   70,  102
  260,19010502,  116,   22,  177
  260,19010503,  129,   60,  177
  260,19010504,   91,   57,  135
  260,19010505,   79,   35,  113
  260,19010506,   91,   44,  155
  260,19010507,   82,   41,  121
  260,19010508,   84,   33,  141
  260,19010509,   93,   45,  133
  260,19010510,   96,   40,  165
  260,19010511,  106,   32,  165
  260,19010512,  113,   74,  148
  260,19010513,  126,   97,  173
  260,19010514,  138,   89,  195
  260,19010515,  119,   84,  167
  260,19010516,  100,   79,  148
  260,19010517,   93,   69,  128
  260,19010518,   82,   24,  139
  260,19010519,  101,   12,  174
  260,19010520,  107,   56,  153
  260,19010521,  142,   35,  211
  260,19010522,  143,   62,  201
  260,19010523,  127,   55,  185
  260,19010524,  141,   44,  201
  260,19010525,  137,   80,  191
  260,19010526,  166,  101,  232
  260,19010527,  138,   97,  200
  260,19010528,  157,   66,  252
  260,19010529,  182,   79,  260
  260,19010530,  181,  143,  252
  260,19010531,  171,  142,  224
  260,19010601,  181,  134,  247
  260,19010602,  161,  115,  207
  260,19010603,  156,  107,  219
  260,19010604,  148,   69,  213
  260,19010605,  158,   68,  219
  260,19010606,  162,   92,  223
  260,19010607,  133,   78,  178
  260,19010608,  139,   71,  203
  260,19010609,  146,   88,  221
  260,19010610,  148,   64,  217
  260,19010611,  126,   64,  172
  260,19010612,  109,   83,  158
  260,19010613,  101,   64,  149
  260,19010614,  112,   64,  150
  260,19010615,  116,   63,  160
  260,19010616,  114,   65,  167
  260,19010617,   97,   44,  121
  260,19010618,   95,   33,  136
  260,19010619,  122,   51,  183
  260,19010620,  155,   88,  205
  260,19010621,  181,  132,  231
  260,19010622,  207,  164,  250
  260,19010623,  178,  128,  220
  260,19010624,  139,   85,  193
  260,19010625,  137,   98,  186
  260,19010626,  133,   71,  183
  260,19010627,  137,   70,  168
  260,19010628,  164,   79,  219
  260,19010629,  170,  100,  227
  260,19010630,  181,   99,  229
  260,19010701,  154,  125,  182
  260,19010702,  169,  128,  220
  260,19010703,  159,  114,  214
  260,19010704,  181,   89,  245
  260,19010705,  157,  115,  214
  260,19010706,  172,   95,  232
  260,19010707,  151,  116,  184
  260,19010708,  154,  108,  209
  260,19010709,  170,   82,  229
  260,19010710,  199,  132,  266
  260,19010711,  218,  132,  281
  260,19010712,  231,  150,  303
  260,19010713,  210,  155,  275
  260,19010714,  162,  121,  194
  260,19010715,  158,  108,  212
  260,19010716,  180,  102,  243
  260,19010717,  190,  111,  256
  260,19010718,  206,  124,  273
  260,19010719,  203,  141,  253
  260,19010720,  204,  129,  256
  260,19010721,  207,  144,  268
  260,19010722,  182,  147,  216
  260,19010723,  173,  106,  222
  260,19010724,  172,  102,  233
  260,19010725,  172,  140,  214
  260,19010726,  158,  103,  209
  260,19010727,  159,  118,  204
  260,19010728,  172,  137,  228
  260,19010729,  188,  122,  248
  260,19010730,  198,  124,  261
  260,19010731,  194,  123,  235
  260,19010801,  183,  142,  220
  260,19010802,  179,  130,  229
  260,19010803,  166,  103,  218
  260,19010804,  171,   97,  229
  260,19010805,  163,  130,  207
  260,19010806,  142,  125,  160
  260,19010807,  161,  130,  206
  260,19010808,  182,  156,  223
  260,19010809,  196,  144,  253
  260,19010810,  215,  148,  297
  260,19010811,  180,  152,  236
  260,19010812,  164,  110,  227
  260,19010813,  156,   97,  215
  260,19010814,  180,  100,  251
  260,19010815,  159,  132,  197
  260,19010816,  154,   82,  207
  260,19010817,  151,   58,  224
  260,19010818,  176,  105,  245
  260,19010819,  184,  112,  241
  260,19010820,  159,  115,  201
  260,19010821,  159,  125,  206
  260,19010822,  157,   85,  221
  260,19010823,  162,   65,  235
  260,19010824,  154,   82,  218
  260,19010825,  157,   52,  230
  260,19010826,  152,  102,  207
  260,19010827,  131,  102,  161
  260,19010828,  127,   80,  169
  260,19010829,  118,   77,  153
  260,19010830,  142,   95,  177
  260,19010831,  151,  128,  181
  260,19010901,  126,   86,  163
  260,19010902,  126,   75,  159
  260,19010903,  134,   43,  189
  260,19010904,  133,   72,  182
  260,19010905,  120,   64,  177
  260,19010906,  117,   44,  180
  260,19010907,  128,   63,  189
  260,19010908,  148,   63,  196
  260,19010909,  168,  147,  209
  260,19010910,  166,  140,  209
  260,19010911,  144,   96,  191
  260,19010912,  145,  100,  198
  260,19010913,  141,   74,  189
  260,19010914,  131,  103,  145
  260,19010915,  129,  115,  140
  260,19010916,  137,   68,  183
  260,19010917,  136,   96,  178
  260,19010918,  129,   49,  167
  260,19010919,  119,   38,  178
  260,19010920,  152,   78,  208
  260,19010921,  182,  137,  245
  260,19010922,  167,   98,  226
  260,19010923,  177,  126,  235
  260,19010924,  165,  103,  212
  260,19010925,  163,  141,  204
  260,19010926,  157,  113,  193
  260,19010927,  134,   82,  199
  260,19010928,  128,   63,  205
  260,19010929,  143,   53,  240
  260,19010930,  147,   82,  216
  260,19011001,  152,   94,  226
  260,19011002,  158,  134,  203
  260,19011003,  147,  119,  175
  260,19011004,  124,   78,  173
  260,19011005,  121,   94,  158
  260,19011006,   94,   68,  115
  260,19011007,   88,   62,  121
  260,19011008,   93,   58,  125
  260,19011009,  111,   76,  140
  260,19011010,   88,   36,  139
  260,19011011,  102,   58,  129
  260,19011012,   94,   45,  146
  260,19011013,   84,   49,  144
  260,19011014,   88,   25,  140
  260,19011015,   91,   53,  136
  260,19011016,  101,   61,  157
  260,19011017,  118,   75,  162
  260,19011018,  128,   87,  167
  260,19011019,  119,   80,  160
  260,19011020,  109,   75,  158
  260,19011021,  102,   86,  113
  260,19011022,   86,   35,  143
  260,19011023,   84,   41,  138
  260,19011024,   82,   43,  120
  260,19011025,   96,   54,  123
  260,19011026,   78,   29,  130
  260,19011027,   66,    1,  135
  260,19011028,   93,   38,  134
  260,19011029,   96,   57,  107
  260,19011030,   88,   51,  130
  260,19011031,   58,   17,  107
  260,19011101,   58,   16,  121
  260,19011102,   56,    3,  120
  260,19011103,   40,   -9,  117
  260,19011104,   21,  -41,   94
  260,19011105,   15,  -56,  120
  260,19011106,   26,  -58,   97
  260,19011107,   84,   44,  120
  260,19011108,   88,   66,  100
  260,19011109,   86,   68,  108
  260,19011110,   87,   68,  105
  260,19011111,   92,   86,  105
  260,19011112,   75,   50,  100
  260,19011113,   79,   60,   92
  260,19011114,   53,    9,   77
  260,19011115,   22,  -30,   61
  260,19011116,   11,  -35,   74
  260,19011117,   28,    0,   64
  260,19011118,   61,   21,   83
  260,19011119,   90,   48,  107
  260,19011120,   97,   84,  114
  260,19011121,   94,   84,  109
  260,19011122,   54,    1,   96
  260,19011123,    7,  -42,   64
  260,19011124,   -7,  -60,   56
  260,19011125,   37,   11,   70
  260,19011126,   47,    7,   82
  260,19011127,   -1,  -14,   19
  260,19011128,   45,   12,   70
  260,19011129,   56,   19,   82
  260,19011130,   73,   53,   91
  260,19011201,   80,   70,   89
  260,19011202,   77,   62,   90
  260,19011203,   68,   46,   92
  260,19011204,   11,  -46,   63
  260,19011205,  -29,  -52,    7
  260,19011206,   -4,  -49,   18
  260,19011207,   67,   11,  107
  260,19011208,   94,   63,  111
  260,19011209,   55,   20,   75
  260,19011210,   43,   30,   59
  260,19011211,   21,   -8,   40
  260,19011212,   11,  -11,   30
  260,19011213,   45,   18,   65
  260,19011214,   22,   -4,   43
  260,19011215,    4,  -26,   22
  260,19011216,  -10,  -35,    1
  260,19011217,  -36,  -69,    3
  260,19011218,   -6,  -29,   10
  260,19011219,  -17,  -41,    6
  260,19011220,    5,   -5,   20
  260,19011221,    5,   -5,   12
  260,19011222,    7,   -2,   16
  260,19011223,    3,  -24,   20
  260,19011224,   18,   -5,   56
  260,19011225,   54,   39,   83
  260,19011226,   39,   23,   52
  260,19011227,   29,   11,   57
  260,19011228,   16,   -5,   34
  260,19011229,   63,   17,   91
  260,19011230,   83,   50,  114
  260,19011231,  106,   88,  114
